id,uuid
Q4919812,001b45ea-c2de-4380-bdf6-52ab66f3d174
Q15075009,00277510-1a51-40be-a4ee-c6a143a25d08
Q6032116,002f373b-f558-4d82-9af3-5477318710b0
Q7085807,004d96e7-e837-47bf-9d4a-c514ce5973fd
Q7037256,00c768d4-4bd8-40f6-aeb3-3ee19b160468
Q4768622,0105ddbf-9098-40ac-84bc-e3283ec9b809
Q1770676,01165e26-8215-4247-a0dc-10e494f863a0
Q4969169,0133f85d-ee23-4c26-bb3f-135ac76c16f8
Q4790656,013e6180-cc36-460a-8a00-edf965ba780e
Q4890343,0151d6c5-26ee-44dd-a3c2-ecfce5520534
Q7083181,01bf8d64-dd1a-46da-a9bd-977c58959248
Q7333829,021645d8-ec4f-4cb1-93b1-b36752eb556b
Q4586682,021b1c90-9fc3-4219-bc6f-e1151d9f5f32
Q11979047,0284ec35-6f4b-4656-861c-c91dfc84bc30
Q5649970,028572e5-3be1-472b-9dab-3b7b96f81f09
Q11957623,02a04363-1c77-4db0-bee2-93c2965d499b
Q1321485,02d85f85-6ffd-47dd-ac89-5c79acc3072c
Q3428875,02d8c545-fdda-4185-9328-2e056137fad9
Q11973336,0311c02c-04d7-4b57-8ff6-2e182fe23e0a
Q5716230,036ee6fd-ce4c-4d0b-adbf-458e3dc95cce
Q4794636,03b884aa-8ad9-495c-aa06-dc701c8ecedd
Q11998713,03c6a7eb-988b-4248-a145-8533b5238867
Q7085877,04091b2a-4a82-49b9-a471-b6626fac5213
Q7310027,04222940-5f6a-430d-a47d-bfea08202e27
Q7083192,04231dad-3f61-406c-ac66-f9d3bd37d4d7
Q4578112,045713f6-fa6c-4313-a3c1-34fc03b08250
Q448092,04937812-6189-490c-ba53-87b8388b4ca7
Q4919560,04b97682-cd08-4775-bdab-c7d1275eca7d
Q7825706,0515a3f4-832f-48f5-af8e-c2336d5242fa
Q7083229,0594120d-3a6f-4c6e-a321-d10d0c4a63e6
Q4795420,05aed1f5-32d4-4926-bf07-43c50c1695a7
Q11967100,05c9d5e8-d300-4a2f-8339-0e7caeb249d5
Q6515133,05eab286-c47a-4a10-a935-e6a05c7d41a3
Q1642676,05f79ffd-7126-4fd6-8cb2-8f461b3ba1af
Q4811438,062dcfc5-c5e0-466a-a328-21c5e6f223c8
Q6419438,062fe894-b6fa-4acc-90fc-3a3ff9b5dd46
Q8077259,069db2f6-491c-4809-88e3-0d7841dac22e
Q4586596,06e89092-a0e7-4f3f-8ded-85019b42e4a9
Q11995421,06f23d84-6528-49dd-a520-0bdd29f29efb
Q6980160,072f42bb-7d51-460e-b304-e53c463930d5
Q6515181,073652b5-1912-4521-b767-cd7ec68e29d5
Q4588755,07597c3b-6289-4c25-9346-09b8be94d87f
Q6370878,077f24cb-35a0-4d0e-8522-529b82a9ca71
Q6514662,077f84f5-2b77-4892-b4c2-7bd049a4b11a
Q16760861,07a5b2aa-a9dd-411c-8238-6cdeafc20779
Q5621186,07d8509e-79cd-40be-a65c-397101714a38
Q4572009,08080555-dafc-41a9-af1c-b58acf8f6217
Q4795418,0885d47d-2481-41dc-9ae7-9923fe9587eb
Q3432890,08b7dbb3-32d4-43f8-ac80-e7a631e7856f
Q463717,08d13ba4-ddd2-4b50-bb91-2844b406b0a3
Q4761553,093bf652-2c06-4b82-b7b5-d14d9d5948bd
Q5913538,0951e04c-ff57-49d2-8965-f57896f9a78c
Q7666523,095cc9d5-c773-4d71-93c7-dcb30e49e49b
Q11998628,09bcc154-5ff8-4713-a66b-57c3b50054b2
Q5650288,09f08f0e-6d35-4523-8441-921468313f11
Q5698911,0a50a1ca-ef56-435d-9919-78ab33ed4847
Q3436973,0a8eb124-6378-47fc-ad38-190dfb2e85d5
Q7845450,0b002612-ee19-469a-97ee-4b5085ad78a9
Q6996164,0b956b3f-2301-4749-ae27-3c47bd397e65
Q11056928,0ba037f5-491c-4fda-89ad-5f490aaf4fd7
Q3432015,0bed15bb-c5ca-4198-8db3-281383623d56
Q7854930,0c753973-05d2-477f-a457-5a47c01ce542
Q7283171,0c8fb48c-fcca-4572-afb4-9996b23544e9
Q7106167,0c98010b-4196-4f87-9aae-ed87feb7c9e7
Q4794682,0cf476a3-8965-429b-96dd-922b1706e185
Q6513369,0d0648de-f5e3-4883-a315-c80c2a59f426
Q11978113,0d146f87-ea82-4a60-9469-74aac9874064
Q11994906,0da9c7a9-1461-42fa-a2ed-7ee50fca995e
Q7106927,0df34867-eca2-4fc9-8c81-6fb85772263a
Q7083024,0e47b458-7904-43ca-a22e-a797b2a315ac
Q6437945,0e593007-e486-4358-a603-edde403cdcbd
Q1771760,0e97e279-960b-4664-888f-292887011563
Q6427125,0e98e307-479d-4e6b-8c54-93a293be77fd
Q553928,0f0ca84c-7c86-4127-a4b6-d2714797e652
Q1538317,0f1c6adb-04ab-41c5-bd91-9114ec324904
Q4589221,0f3d9d10-8bc2-439d-ad59-e9b1045776cb
Q7652304,0f3ef9c3-8213-4035-8bb4-40723d7b3445
Q6069095,0f82bf70-fd07-4b99-85a2-2f772bcf5d78
Q11993129,0f96b6ed-ab0f-43ec-8dec-61f104091205
Q4579325,0fda6519-14ed-4925-904d-635964bd4cf3
Q7652234,106e27cf-fb1a-4414-8364-c13bb57958e1
Q548001,10726b84-f2ba-480d-94ae-3296fa34bb10
Q5619155,10b2e4d5-5846-4c3c-b9a4-34f8e841e9e0
Q4722818,1122cff1-2060-4731-bca2-5587e39713ce
Q6780806,116252e0-638b-4212-b89a-ff1a906f9e4d
Q11977189,11795607-ca3d-476b-9379-91a684c15a0f
Q11980525,11a8f6b1-1ba9-4cef-83f4-68e452d987d2
Q11993308,11aaee43-9d55-4fcc-b9ff-7fb40323dfa6
Q6491462,11bc18e5-ee63-4f7f-83f3-ff10e8642a34
Q4576503,1265b999-f8ae-4674-9a9b-9e54d0173a7c
Q156540,129398d6-01fa-4826-85fb-61a7b3641ab1
Q15121204,1317b781-195d-46f3-bd17-479573ed5280
Q571261,131d92b0-1e18-465e-903c-c8e7a553fa01
Q7166634,13743cfc-b8d0-4ed9-9db1-bbd7811d52b9
Q12007761,13b3c65b-4f05-48aa-84f9-81ac6c88ad60
Q469790,13f71868-e34d-445f-a5ab-f2e610eb3130
Q4586284,1419bb30-8f3c-4451-8e51-2ad2b629f039
Q488369,14578f44-6a31-4c80-8037-07470e2f4204
Q6234457,14d8f199-f999-4559-92ac-275877c18cf7
Q7106045,14dd1eea-ffc0-441f-945d-862c2dba0e88
Q7513146,15622be2-85f4-4099-9e3b-db5facac77b8
Q1777055,1595d89c-5010-4b56-8838-46c549bdcda1
Q11977194,15a51c9d-1827-48c9-bd41-f6cfabe12b3a
Q5578358,15c72d3d-8a9c-48b5-bd05-71f7a4aaafb2
Q553839,164333fe-e909-4fb8-9677-1751513c4112
Q4894152,16761e7c-b10e-492a-b8d5-b5124f147e9e
Q5371361,1676da42-27e4-4eb5-a2d8-a48c7ab05f5d
Q6098492,16fd089e-141c-4e73-ab00-85be17887f41
Q6370845,170ac255-8b45-4eac-a7bb-6fe76562f9bc
Q11977135,17491b3a-38c6-4617-842c-c42ad87b9e4c
Q4807262,1777bfb2-1844-4760-9c26-9799e728cab9
Q4807310,177ac111-1e51-47d0-8c84-196573d34282
Q706631,177bdc3a-4d04-4f83-a951-97f7b451c7e1
Q4568801,17807865-787f-4137-be79-f589c3972838
Q15229784,17ac8e87-f14b-4edf-8b9a-0119037c6194
Q6732192,17be8bdb-e04a-4e59-87f2-b686ec51346b
Q15411508,17cc540f-5811-45b1-a7a3-3f0c6c1c6bdd
Q11962304,17e66e13-e769-47d1-a3cb-e8a8b8fb29ea
Q1799837,182f8eb3-b0dc-4b18-adfa-a614ec75d0db
Q11979743,1855c176-8207-4982-918a-6178adfdc5e1
Q4753827,18d53822-9812-4d9a-8760-1321075e7acd
Q6491647,190e3d29-2c91-4ba0-b5ed-044ca8d1ba81
Q5621930,19e53619-8a37-47b6-9e18-834ce01c696a
Q4768971,1a1a2a73-ff04-416b-9f04-0071c37aea98
Q491134,1b19def0-9b83-4242-9162-87264b2151d6
Q218929,1b704386-d349-4000-87a3-116c5dbea953
Q4768187,1b73fdd2-b4b5-4540-8104-367b99f0dbe2
Q3434741,1bdb3fab-092e-4d45-82e2-9d566dbd3c1b
Q4768436,1cd845e6-6914-4179-b70c-8f06ba8b353e
Q5653986,1cefd4b3-60b6-4ad9-a1e6-304bf9e9d5a4
Q5641296,1cf53aba-0108-40fe-951d-325a3add1ecf
Q7825265,1d277b2f-76a6-4115-9d43-b3f75fe3e4df
Q3739125,1e2da6ad-8837-4aeb-b64d-86b3c499842b
Q1554741,1e814da7-9c28-475e-8cfc-3380029a615e
Q6760605,1eb4e873-a71d-49fc-aef0-da2b074385da
Q6513663,1ed441f6-bb66-4fe0-ac9a-b15b5b76e4f9
Q464941,1ed73f84-dca2-407e-8b61-200185f86ba9
Q11825290,1f0d62a9-4d0d-48a4-9be3-6ddce77f8d21
Q4571889,1f210ac0-7598-4254-b8a3-b9d2c28cadb1
Q6033507,1f3aed8a-5ab2-4c50-b2e8-d2b6df2cfb2d
Q5109575,1f3e5d96-a7cf-4f60-9d45-8d4b39a784ea
Q4586124,1f4d20e0-5548-4384-b196-f63127fda3ed
Q6491743,1fe9e15e-18fb-47f8-bd63-aeaf990c49e9
Q7310009,20120c9e-3eb7-4dd4-bcc6-42d3b886e0a4
Q5360321,2033f733-cc26-4474-88ec-584b909abc0e
Q4575768,20b066b0-0b3a-4da9-85e3-1d61c255e73d
Q5208428,20be9a7e-c6e7-48b2-84b1-157c02b5e913
Q6760588,20e6706d-d0eb-4dd7-a5eb-213b90f91fcf
Q935613,210a349e-b465-4419-bbad-8f54f28069aa
Q3434673,21388bc2-c711-406c-832d-0647035e40d6
Q11983604,215a7a24-fe48-4873-b4e8-2ccb5d9283f1
Q7087481,218e69e4-ffb0-4a3a-b7c4-9d784046c520
Q4971547,21a1cf5d-30b8-4124-ab68-03fb33bcbec6
Q6654171,21be9945-5f98-4eb1-b4a1-a2d884198d23
Q6272074,21f23201-339a-4745-9b63-00dc813cd21a
Q4585690,21fc397e-006b-4785-ab4e-157362b05fa1
Q11135193,22555501-acd9-4349-a40a-7507589ee6de
Q4768103,22c59b4c-269b-4f75-b319-03c44f90b238
Q7406706,23195454-dd66-4a1f-bb12-afe00e4dbcb1
Q5716507,23ce80ed-b10e-457f-a1f8-d1c1d0c027a6
Q7827239,23defa55-c2a4-4b6d-bceb-a8c9c7fac4cf
Q3360251,23e81f87-7640-42dd-b78b-704c24da898e
Q7083152,23ecf5e6-7570-493c-b74c-ce9d45eb9f7c
Q3445234,24841eb9-312d-4219-b567-119add7cd417
Q1771608,24e3df54-da1b-4e5b-8f57-3d1004e9f2d7
Q7085867,2507ad45-8271-4fdd-8fa0-c8cacfed353f
Q879359,2566798d-3b82-43bd-8ddd-653cfe064956
Q4585958,2573a449-d642-4476-8e82-25819820a9ce
Q6031754,2614dc30-93bc-4c52-9828-05891b8b4567
Q3420320,2652fcca-807f-4a18-8576-6ac310c53734
Q180988,26629d3f-552f-44dc-b2eb-1578159d3b9e
Q6514526,266c10b9-51a8-45bf-87eb-1103c6cfad14
Q4581563,268d7439-47ad-4734-a417-c3986dc85425
Q15230235,269afc09-ef48-4c25-b34d-d3c41eef7cca
Q11980838,26a49b1f-f3c8-4dca-9f57-49be514bd6ca
Q6418449,26b40e85-7e07-43bd-aa95-524e264e38fb
Q6321526,274f5775-314d-45d7-8ded-a5cc3377efb6
Q1777084,276c6203-8b1a-4a7a-bddd-8268e972441e
Q467948,2777a13d-f368-4915-b9b1-1da471ed3cf7
Q5415094,27a15d15-00a4-422b-af31-7da7f6fc1418
Q6179762,27f81ab3-8514-4042-b249-c7c5ee1d1816
Q6424002,284cc91d-d4ea-43f3-ba25-c3b58cd40101
Q4753835,28b51bf0-26bc-4da3-85f4-0fd15b8a9046
Q6419347,28dc619e-82a8-47ba-86dc-92368420bcde
Q11979720,29008f29-3075-4ef4-a593-a79d742d156e
Q7166778,29151cd9-9a54-4636-9848-611050820117
Q462499,297d4307-33b0-41ca-9bb9-324dff2bce67
Q1367698,29ac6089-8fcc-4da5-8d8a-6595892462d8
Q15591588,29caad12-9da0-4471-a074-a4ecbce26e03
Q5347978,29cb7cf1-df14-4b8f-9334-4c2f5a6bfa9e
Q4585294,29f24512-6c98-4452-855e-6a9f117be6e5
Q15079451,2a691327-14b6-41d0-b0c6-076fcfd980d5
Q6514492,2a9b1d02-0e40-4723-81c3-9ad3b66ebb7e
Q5675363,2aa38ba7-3431-4a46-93d2-dc8b67e854fa
Q136752,2ab840ac-2f0c-4a0c-8595-299c86d33929
Q6321658,2aef3936-01f9-4f3b-9f3b-5d91b01df56f
Q7360723,2b6347ca-9044-4044-a5c6-43dbdbac5673
Q6370048,2c66f14c-5b13-40ef-9e65-64f8ff2083e8
Q7897131,2cb18cb2-6a63-4226-9244-717b285eac60
Q7166728,2cc0676e-e9aa-4afa-9c1b-1fba8909669a
Q5619552,2ce268d4-d614-404e-9bdc-bfc42099ed3c
Q5654004,2d2b8de4-0a83-4269-a63b-6e8318206754
Q6515401,2d8403fe-2916-499c-a37e-2524c38f56c9
Q4721707,2d88ae0d-703b-4a08-8037-94368027661d
Q204370,2d93c18d-49c6-4cd4-b8b4-19d00a633d8f
Q7513162,2de1cc0d-dcf2-4775-af6d-797a623a6a43
Q7360750,2de66bd8-0123-4ac1-89da-fb0c924812ad
Q7360793,2de87a9c-09e0-4f3b-ba57-895588c88efc
Q6914562,2df387b0-55d2-49d3-96ee-8ee7b9f39d54
Q5208400,2df79089-4958-4edb-905c-f1fa4df64ac0
Q5636508,2ef2865e-f255-4b1a-8423-2202950c27f9
Q7082860,2f34779f-2eed-4440-b12d-5d15629a91d0
Q7777213,2f4c9f4d-d965-4aae-8a73-0af0d3b43f69
Q6981444,300640f4-1ec0-497d-a72e-35ba891d941d
Q15057304,303cdbf8-54c8-44ca-a2a4-23db399e0e55
Q7702474,30f85752-60b5-4b43-837b-d902ae2eb71e
Q709870,312d4c66-f703-42ac-afdb-56b9bb4a3e9e
Q5649947,313b6dbd-363a-470d-8dba-abe46e38d944
Q1772357,31b15d71-b6d1-4ebf-8b3a-cd45fc089d2f
Q3087234,31b37ffd-9646-48ae-9e99-247d43997771
Q6437960,31dd017d-78dc-4ec5-9b6e-4a954ad3418c
Q6515138,32ff97d7-b97b-4f21-91cd-bc313dc64185
Q6514262,33c0ca04-2e43-4134-aea3-468c604a2487
Q5129234,343eaac9-1787-4262-97eb-009dee06b3ad
Q7082970,34a32e0f-17e9-4fee-b938-61703ba2629a
Q8002148,352a26c8-d091-4ab8-9c47-37a97c8516f5
Q4559160,3530a5c2-8c0b-4379-9741-515d204b2b59
Q329331,353c85c2-3f39-498a-a940-2145b7a04773
Q6371925,354840f5-30c7-4b8e-bd54-253924e98b9d
Q1350183,35b18403-079e-4e0c-93aa-91bdb85d86d0
Q4902487,35cb736b-3e4d-4047-bfbc-7095d8802d71
Q7702496,3660a34a-5cd7-48c3-acdb-512cd2abd978
Q6271004,36bb0c67-b21d-4d76-8cf2-9df90d2a7d1b
Q1766708,36bc5c8d-0eef-4788-aa03-206df5b2a93e
Q4584829,36c63b44-5aea-42e7-827e-c8e83962429c
Q5650579,37707b1e-e406-484b-870e-2cdfd0e9a23f
Q4588819,379e6933-79dc-461d-8462-cca43d68e8cb
Q6491607,37f923a7-88cf-4a25-8c4e-10adc31b4e31
Q434994,37fe3110-3d26-475c-9301-74e0eefc182f
Q4216414,382ab0cf-3b6f-4269-a50b-f024c6451713
Q6098694,382bd733-24cb-4deb-9cfd-bd9202517c74
Q6321489,387fca78-6608-4faa-81e8-43fe8f2d05e7
Q15113600,38a38028-d8e6-41d4-ac99-6302f5f7b92d
Q7513240,392111f5-ce77-44dd-9363-5e4eacf948bd
Q5704492,39212917-cca5-4e9e-b49b-5b648b623a26
Q1770997,392fa692-adab-4a33-bbdb-dc8ef36a0b9e
Q4559180,3933721e-4031-4f51-8a15-e5034ba775ce
Q7037335,3977dc5d-6bb2-4d8b-9d48-dfc9d3fbed84
Q5650021,39968b7f-e85b-4aa8-a9da-ce3b654277fd
Q4794650,39c19317-688f-4871-b326-f77249afe55f
Q5349172,39df6a86-126d-42b1-9c9e-0c35368fe7dc
Q380659,3a05782c-e08d-4800-8e6a-d35003db19c2
Q16760940,3a113be0-7260-4021-a375-3ffb4ad0e38b
Q7293087,3a154fab-ae90-4b30-9524-d16ece92bb86
Q15229741,3a24a5d9-f9cf-4c9f-9226-687613021316
Q7109563,3a3e2aa8-bd13-4bf4-a3ed-8f6acb347610
Q3422581,3ada2bda-9266-474c-9f9a-5987559b80a3
Q7608797,3b2788b4-efa0-4e3d-bcfb-d5eaea036bab
Q7818323,3b53a294-762e-4bc8-b7c3-3c4a239eaa29
Q11986523,3ba872a1-574e-449e-8a71-cd28d340b2fc
Q4794526,3bafa760-4010-43ce-8ff6-db17ee024d55
Q5002002,3bafe59a-6e23-47f2-9d05-19fe18bb9289
Q4794862,3bd8410a-cba9-47fd-827a-171d69b36c2c
Q11996618,3c643fa3-4f5e-4658-a68b-c8ca3c6d6810
Q6762779,3c6b6b7b-cb4d-48c6-82ee-9597c8f548e1
Q5614657,3c6cc756-95ec-434f-87c7-f6ec3e36430d
Q4579525,3cb4baa9-214a-4c24-9dea-435e632d1242
Q4794689,3ccc5a8a-caa0-428b-b8d0-3d156e4d07e7
Q4569580,3d66fc65-39b9-4e32-a038-64dc0f621dd8
Q4590497,3d70c3d4-32f8-4833-9956-20e60910b258
Q11977979,3d96b44b-47ea-419c-b6fc-45f55d56a665
Q4807452,3d96f74a-e58c-455c-857a-02591d06284b
Q4662688,3dda75d3-c99b-43b4-92ed-dee8af51758c
Q4569595,3e166b28-6a65-45df-a3c0-cedcba207cdd
Q3433165,3e5a428c-dedd-4580-80aa-460e6ec81f81
Q1271,3e820d8b-a38e-4360-85a0-2465ec5e8f0d
Q4789041,3e94d29a-172c-40fe-870d-4383e7b5660f
Q12000400,3eb63dae-1bf8-42cd-af1b-51347b9553eb
Q11997154,3eb819f1-3721-4547-8e0f-24b27d9b451f
Q11993141,3eb98134-08c8-4138-b048-3f4f5e697c6f
Q6216704,3ed4e481-74a2-4a73-be34-2502426efdd1
Q164346,3f788e65-6544-4b9c-9050-b73f496f744d
Q1770867,3f9058b8-446f-423e-8c27-55c56c350971
Q6453629,3fb1017d-f3e5-47d1-bd1d-e3ea6e065da7
Q7845447,403a77c2-117e-4850-8a30-fe03e4638570
Q527177,403ef9ae-5d3e-44ab-9ecf-e361507a582b
Q7083007,4046c43b-7b2d-4b13-bed6-75d2ebc32b28
Q11967237,40d32f5e-52cb-455b-b843-8beae635c0f6
Q6515236,40f81352-3fde-44d2-8e3c-b49d31968ea5
Q6513396,41023f67-88bf-4c41-9371-ca3a14173b60
Q13635626,414b5857-88ec-4d68-8f9a-5e4e1f556bf8
Q11977889,419f943e-3f33-422a-a73c-b3af711119a9
Q4582415,41f05460-3fbd-483e-ac45-3fea1c261328
Q249156,420980e9-4698-4b64-aad6-ec5a7eb31489
Q4571572,4210e6a1-92fc-44ce-bdf9-c99415a9beb5
Q6125317,426dcd7b-5edb-4e9b-ad37-254358c30d00
Q4936594,427960e6-7916-4ab7-b0dd-6ed943a96058
Q6501880,42bd05d6-1e88-4a77-9e8a-b8febbbcedf8
Q5530208,43075bcd-099f-4e61-959f-5bb48e81ce77
Q282082,4372808a-0107-4562-975f-d2185d52b495
Q543818,437b1aaa-4d47-4579-9072-07a7537923fc
Q4802426,43d4db60-c476-45ee-bec8-93a5c71d6b12
Q11973700,43d54696-e8f2-4168-abd1-3f7b6a5783e2
Q4919940,43e03b05-a3ab-4f10-baaf-8ecbeed78eb5
Q3422974,4451a259-4a40-44be-8273-ea0ba75f0c3b
Q1799849,44a62556-6714-4764-a87c-5de83d84b3ed
Q209611,44cdd666-3206-4ff6-a328-05dc8d95655a
Q4993420,44df00fd-ba15-4250-b20d-18e595d61319
Q15054487,44fec726-cf36-4f36-8c1b-5f72f6cc870d
Q5040612,4554c8aa-9a43-4aec-8864-c8068f49d407
Q7848491,4570110a-3392-4c16-9ab6-97eca8b4c4e9
Q4765498,45b10bd8-fc7f-4ac1-b346-1b8418775165
Q7360801,4677bca3-818a-43ac-8f8b-b45548181a59
Q3376122,46bdbe8e-1075-4fb4-891c-44062d0953f5
Q11978024,46ecf05d-74b1-45d7-859a-91c2295f0f29
Q16165992,46fbfa5d-007f-4605-9ff9-e531209bd636
Q12002925,4711325f-1d3b-43bc-9ae8-f4fda840faa6
Q5650539,47570003-9485-44a4-b2fc-d976750014b0
Q5389813,477bac01-647f-40db-a437-bd10d7ad9611
Q1770339,4788c3e1-79ec-43da-8e31-221443cb2e90
Q3889835,47b6fcd6-d191-4cf0-9fc4-57f4bdcb2795
Q4890321,47e91b46-1a12-400a-b758-d714b2936412
Q4586055,487c0942-94e0-422b-877f-80219a04dfb4
Q4586078,48dbb037-9fc4-4b41-aea6-d86d5a90546d
Q16000248,48dde62d-d34b-4d12-a52a-cfcbcff29bae
Q462806,49233b9a-4243-4500-9c73-f7c40c7663a9
Q5619067,495792fe-ac4e-4ba8-a297-8b7e9f36870e
Q709840,498a65ef-aef5-4b6e-b862-55f9f2cb226b
Q15078687,4994b25a-4339-4e28-986b-547bbe245e5a
Q1082481,4995b31f-4631-4d58-b701-dd53e51c04e5
Q6078662,49e4d2fb-a127-4b5b-ae45-d32a47dc9c90
Q13637096,49e5084c-09fe-46ac-98ea-04b43ce1aab9
Q4559667,4a1ad17f-54e0-4bf3-85fe-801cbac259bb
Q15116081,4a735c51-1ec6-474f-a1bb-03e521152fee
Q17113325,4a981d6d-2989-4025-b4fa-4561fd37bd66
Q7082844,4ad90e8f-5e5e-49bd-9bbc-0ebc6d2877b8
Q11969907,4af99236-f89f-4ac6-9ff2-42faa10a7113
Q462543,4b8b6378-9e6f-4385-bdf1-b0be5cecd05a
Q6343500,4bda9fbe-d41e-41b7-9100-9f26133a6b90
Q6514424,4c0b7d99-a7aa-4a9c-85db-952c3459ea29
Q5388548,4c13d896-fd23-4e12-8b0d-8cae94ced220
Q5376606,4c18bec3-ec5b-4966-aa87-9708a810e7dd
Q7825630,4c2ee283-a61d-4ae0-9327-f81c8b37969d
Q282089,4c3133a0-4d6a-4893-9625-81d0ce57200d
Q1772964,4ce71df6-4da9-4e3a-9667-edaf2b7bdf5b
Q6731310,4e137f7e-59f5-45fc-987a-ddc2623f5136
Q7082878,4e15215e-402d-4bbe-afdd-8d1d4224cc9f
Q7077553,4e76ada5-230d-4f96-ab77-b0e6d529ee50
Q437635,4e8a4093-7384-48dd-a1f2-51f6e7eaf5ef
Q6216466,4e947926-f8bb-460f-9373-04723184437b
Q4571742,4e9fba47-4a9e-46d2-871c-b1b8319d5bd7
Q5001767,4ec0d9fe-2ff3-40c3-99db-b3ac030ff207
Q11977248,4f37491e-dd1b-4faa-b6a4-6bfb0fcd91e3
Q728444,4f71060e-0d20-48d5-96da-86cbb85d6ed4
Q7085839,4f9e3720-6fe1-4a3b-b263-2859838154a4
Q5653886,4fb9b149-d929-4640-b87c-053e433b7a0e
Q4807315,4fe29159-a6d6-4193-968d-6717bf100ae9
Q6437935,502f4b80-bc05-414c-9f4d-33181a8ef208
Q1773015,507f5786-f2e9-4cd4-bad2-4150a71c36f5
Q6279061,5085b504-4ba4-493d-a11d-aeb5c8dd580f
Q7825227,5092d31f-8e95-4c19-a90b-279aa0142270
Q4584582,50d625da-6f84-4b11-8ddd-e1cc12157431
Q7652298,512102b5-5544-4035-9797-58fe3cd89b6a
Q7175230,51a0be24-a535-49be-acf8-bd3d2a6ba5ab
Q4802423,51f4096c-4f1e-4943-94d4-f29401b9ae41
Q455402,52197aca-5f44-4133-8f1d-5f2901679037
Q547944,526ae106-a0ee-4067-babb-23899e23e753
Q6514130,529829a9-7181-4aaa-901f-2d92ab182dfa
Q5619001,52aa3100-6b7e-4217-8c32-5db5583f101d
Q7083167,52fd3d28-2692-46ce-838e-fb88ce521e5b
Q3434757,534ec05c-4d26-4061-83d7-f778ea4f4bf6
Q5415113,53c7c22a-8643-4a79-8f2d-d020dd8ef51f
Q6699116,53f1c3d3-a054-4f25-9ea0-4a3c599dd5ea
Q4589954,54697b7b-402f-43d3-ba1e-83f370e4f94b
Q5389805,5493fbbe-4690-435f-bea7-8c724a21ddf7
Q4794622,54c25ee7-6bed-492f-8e2b-91ef216216e8
Q6513655,54d8f54f-64ac-49b0-9021-d17d80a9150e
Q7336526,558b97c1-dccd-423f-a752-45fc3de84240
Q6914542,55b5e0b4-1cf3-432d-a1b1-1efcb075fe71
Q6215262,567473ab-2ad6-4dba-84f0-5fa01a198a91
Q3432182,56a5df76-91a0-4066-90dd-e01272ee07b9
Q5963575,572daf89-d3fb-4ea9-b9b7-76bc0dde91af
Q291655,57510b4f-cacc-4023-ba41-330b559cf154
Q7796073,57c7d3bf-e1b2-454d-94fb-edb6888783b9
Q321037,580d2425-66d1-40db-a576-e4b4e3c4552e
Q1343834,58119114-42a3-4f03-a243-71551e000491
Q5367503,5811ffbf-5e64-4a5a-89ec-462e5e881736
Q548508,58747220-d79c-4bfe-b0ae-2572ba89200b
Q5171405,58a8d187-9e2b-4120-8694-94f1d769cc16
Q1771184,58a9c445-0d49-4326-b4e0-cdbb07149591
Q15109944,58b1da04-f0e9-4d45-b411-bc1b74e6eb94
Q6370919,58cedfc1-b2ee-4a17-9d9f-8715bb1fd536
Q7264623,5905f421-8f24-43ce-849b-1caf817df1c5
Q7817812,597f00c7-fc14-4609-b778-a44ba75d3c52
Q11977891,5986a4c4-ca14-40dd-8c5c-538b8db06fa0
Q11972605,599035bf-6d22-49f5-98eb-e534e1784a61
Q7179292,599c3362-7c14-4fc9-825a-f1872e16219d
Q11978821,59a7daef-43ea-46c0-8f5b-b2b633f752a2
Q7085875,59e6c74b-86fd-40e8-9a81-4802508f43b3
Q7878882,5a6c928e-36f1-4e8c-9812-4751f485ceb6
Q6453638,5a739963-7f29-4873-b41d-74c9fdbe03d9
Q4994470,5b2a7e7a-ae63-4a94-b38e-71918337e8b6
Q457128,5b40857f-b389-4d70-9f4d-aea700dabd16
Q7083221,5bc9371a-7c45-463d-9dd9-507d6f47fab1
Q7827463,5beda635-599d-4118-a88f-78eb42546877
Q1039034,5bfcbe79-6914-49cb-b1bf-8ea1bd2d2788
Q4585518,5c5fff4e-a8d3-46dc-af7a-0064a8d0dc07
Q1772947,5c9b7584-8408-4f57-9bef-ae27a79d9617
Q521960,5cb093f8-91b1-4207-9f42-ebcac90d9e05
Q7082850,5cd0ff1a-e92d-4676-bab7-8aefa4a0d85c
Q6423964,5cfe6015-529e-4bc8-b8b9-cad4ae931b49
Q4573115,5d13615c-2a27-4c55-97f0-ff2af39b88d8
Q6291124,5d4b270a-fd41-4634-bfa2-d157e80a4bc2
Q7965390,5d6baeb2-dfb2-40b3-b46c-afaba357526e
Q4802371,5d6f6caf-b7fe-4b6c-b78b-2f5d9d5209db
Q6215516,5dc1c181-4399-44eb-a67b-e4e88248f4f8
Q6774401,5dd973a5-43d5-4156-b4da-9ed8d4743224
Q3377951,5defa031-eab5-42f8-9da0-d6dd4d602149
Q322151,5e1757dd-d9da-4ca6-9626-26eb47a286ab
Q1771052,5ebc8a9d-5f13-4e88-aa75-4687771e2fab
Q5105604,5f22f5b4-9194-4424-b5d9-14c82f824490
Q19282217,5f694bb1-5976-4819-affb-f9cbe716203d
Q822451,5fc8a6ec-3fed-456e-bc82-04c596794801
Q7825264,5fddd6fb-f284-45b4-b569-4ee7756da10c
Q6513446,601381af-6b5b-49d5-b738-f8d4d4abfd92
Q6914493,6024593c-78f1-4c78-8300-c4ab25c082b0
Q1355543,602e5922-3307-4d8f-b680-cfecfbb490c6
Q4768072,6033fbf8-261c-4fad-8ff9-dc956f1f318a
Q4755685,6053974b-58b5-48ae-a4ae-12fc5487a71b
Q4811445,60d70beb-9d3a-4b55-be1f-bad3abc90566
Q543136,60e8e80f-4f56-4da1-bfd3-fa0129087b1e
Q3640310,60fd7c6d-4dca-489a-ad97-25939ebda9d1
Q5619553,612513b3-8fb0-45f2-854a-4c2076fd7479
Q6453589,617d4268-e09a-45fe-b0ec-4e80b73143f4
Q11988336,61996129-c92f-440e-a315-069829e2bbc6
Q4919851,61b11045-47fe-4c36-aaaf-30a4af974db8
Q7166803,62327fbc-1352-4c57-b459-216e0dd4c43e
Q4788361,624285c0-2178-47f6-856a-90027e4810e9
Q4587714,624c84d5-4f05-4315-9a2f-e98fb25e7884
Q4998382,62f1280c-c480-40ab-8035-69ec2080d11c
Q7640608,62ff8d94-747c-4762-bdda-8ab8d3b0ac7c
Q4877033,63211747-cee8-45c0-9a2f-000940dc8a63
Q6279048,635ddc7e-9185-424d-a0ea-d7c321952fe8
Q5274225,6363267c-efbe-40e8-a432-86487a1d3625
Q7077525,638313f5-f65c-4975-8880-390ecc70b70d
Q5504761,639cb41c-8f74-4d2c-9971-df1f277e3610
Q5621220,63afd667-78b8-42ff-bd1c-104a8a549701
Q6373431,63c16f38-c7d8-4224-a668-3bc3470cdca9
Q457072,63c9c384-af1b-4c76-b239-271cfe6bf7b6
Q7077473,63eeb367-ed50-4f82-8f08-45ab144f9f34
Q4919886,63f17da0-9881-4964-a59b-2c033156f38a
Q4811436,64da6d0d-e3f4-4bb1-80ed-3fc18721c195
Q337301,64de6c70-07da-479f-b3ce-92f1ed578b62
Q6654182,64ea17fd-e436-4e9b-97fa-8a7838cecba0
Q4578132,6534d2c9-7489-4364-b305-556647716bb9
Q7153879,656b5383-5ecb-46ff-b1a2-b4e04d04ebe3
Q3432049,65aba5b1-ad8a-483e-bd73-4178b6cdd36c
Q4690374,65d09882-0d6b-4753-a7d6-c079bde287dd
Q7982328,660a75fe-897a-4c7c-9ea0-637180aec787
Q1772874,6670f71b-aeb8-448c-8c15-dc4e7c53fac4
Q5650030,66aee8e7-ee7f-45bb-b906-d3cf96a4e819
Q5641307,66b0963f-494f-401d-a527-78f2f5b392e7
Q8077114,670d19a5-12b5-444e-bd6f-71f6b64ae834
Q6031748,672b124b-87b4-4740-83ee-bb0d061e7b68
Q3434378,6738fe2c-b0ab-4444-9d88-6958ff71d2e7
Q16760866,67999322-85d1-4221-815c-0f7e5c0baa77
Q6033522,679b9922-8add-4ecd-94c0-92df64dd6653
Q12005525,67d16809-8a98-4ece-bab1-da8358982311
Q2448917,68653ec6-bc1f-459f-8c9a-762932debba9
Q4216656,68d9efcb-8e34-48b9-9a35-ede9aa8fd534
Q4721717,68e240d5-2840-4256-ba1c-8326198b4e44
Q1777236,68e981be-48d9-47bf-b617-dafbcb03fcda
Q4919803,6912ee64-35c6-4fb6-97ed-ca30767e9d26
Q6033485,691b4ca6-7761-424b-8ea2-f14546620c81
Q1769547,69a227eb-9310-4c4d-9a78-2131a0ddafce
Q7513299,69bbcd10-625b-4b54-b98e-0647e313da75
Q271279,69d274ac-29a6-4f21-bf18-f9f9b85b12d9
Q4890359,69f59e3e-0481-4f71-95a8-ff258ac15021
Q5378717,6b887a66-940e-4a28-b2b1-34619a1766d5
Q5914793,6bad03ec-d8e3-4f32-b03a-232e99b198d9
Q1771172,6c4472da-2233-41fe-8e10-2df9e02bdded
Q4994228,6d719c66-75d9-4ef4-8b09-7115d47a0c69
Q5618906,6db9225b-acfc-46be-9bc8-1e1b0f37d3d1
Q4701769,6e1b3359-6e53-4659-bed7-1e2691077d68
Q6371765,6e43a2b2-5b6a-41db-9f4c-c5d1d4538e11
Q6216892,6e51b720-7fe3-435b-940e-851dafabbe50
Q16009352,6ebbe26f-7259-4a74-909f-ce943743dfaf
Q6267730,6edb3fe5-0c94-4fcc-ad66-da730a175876
Q5350055,6f08e785-0559-4c06-9724-6cefc4376911
Q4585759,6f0e93a8-2761-4950-9d68-368bab69bd1b
Q6419372,70a6261e-abef-4696-b86c-cf50ec69f733
Q7662504,70c67b8c-b310-46af-a1f6-19a8e760bea6
Q3442938,70e62f0f-7ed5-4cb5-b9da-ce9af11c0257
Q11963717,7154b43b-ed51-464f-8828-f784c9890f2d
Q4803716,71559725-f722-4a5d-adf1-e37f6f885d39
Q4567725,71671d22-2f32-4719-aa7e-dd8595d9ef86
Q7652286,718db081-b3d1-4ddd-80cf-970c10c58196
Q6731305,71a975d9-3872-453c-ad4e-27f121e50c61
Q14437995,71dcfbb6-f6b3-441a-9f80-9e95628189ea
Q4580251,71f425b2-b73c-4120-bb79-130a8082b815
Q4586046,736cecb1-7042-4ce2-80bb-a7ed89d93e8f
Q5740229,7372c2bf-55f8-484d-8a8f-5d8298ad743a
Q5963460,737e23fa-fe6e-4726-9653-66491a2e1197
Q5873154,7382778b-b70e-4e34-aad0-290cd1418101
Q4591112,73869422-29da-4853-9555-3c14bd60db9e
Q12006405,738b2dd3-f1e7-4764-a39a-c4d47a2aee53
Q133009,73a0292f-2032-409d-863e-7715e1aca704
Q6033551,73a33cf5-e7bb-4de6-b04e-5062d088c8d9
Q7083156,74de5e0f-46bb-4c61-80f5-8f0abae0b57b
Q290960,755bc367-58e8-4726-9208-dd8e05d8ae0a
Q3020209,75ed065d-ad95-4a91-9b48-8a0e8efd048a
Q3435862,76071b0a-48f4-4b3c-a558-4101f307806c
Q7781572,764153db-72e5-41ec-bce6-e35331484301
Q4723219,764bd247-1812-432d-bdc7-dc73dde612f7
Q6179794,766ba39a-5ea5-41bc-900c-3c6c86bf8416
Q270841,76fcbe81-ac66-45cb-ac62-f6cceb9b8c53
Q4768164,7705fc77-61f2-4634-b66a-7d2c1c9a0f79
Q5110219,774785a9-5343-4d38-9703-64fc536d9374
Q7912653,776e194d-ad11-4256-aac0-584290f9265b
Q7293625,777424bb-e85c-4b4e-92ee-af2dd166ea71
Q4580733,77821d4c-d87a-4ebf-8cea-05ed59a2ee12
Q462505,786e14a3-5266-4bee-a44f-1bb074a01e15
Q7825719,7875c271-19ae-4911-9beb-57f6e1b83d9a
Q5040171,7878f601-95fb-4c76-9f5f-187f5ca064c7
Q4794992,78a2ac23-b5ce-4a78-9823-5e754017da11
Q1682219,78a7f72b-3d67-4ea6-aeb2-391209ac3480
Q4919515,78b04fbc-3205-48fc-b319-7133cd2badde
Q6371942,79227a27-1cb0-404f-a8f0-453a58ffcfbc
Q5349869,7981f9a7-b755-452e-8b42-7dfafa3e6903
Q5389720,79a38ad5-4318-49e2-83d7-2029c44778b3
Q4586292,79b66d10-f1c3-4697-b862-98028295db11
Q311421,79d9a50f-668e-44bc-a08f-df8f817d1ec2
Q6419712,79da6291-81f4-4eab-963b-6a1df4ff4518
Q4586221,7a4a8f9a-a255-4847-a144-622d7e1bf5e8
Q1770894,7a5e5965-94e4-4414-b1a3-680290680160
Q7152240,7a910884-6c05-43f8-a8e9-dc35b554ace4
Q6148860,7adbc812-27c7-4860-bdd7-2990e7fcee59
Q11994386,7ae3112b-3760-4367-aa65-d5fe3e19a769
Q6371901,7aeee725-3288-479a-a4be-a86b33ef245d
Q3367196,7aefa78b-84ef-44c2-8c9a-530ea0136fed
Q4586194,7afe08d0-8c10-4720-bc00-c631475b8e36
Q547960,7b679b4c-f141-44e5-bfd0-b29ee0f54cea
Q6270300,7b8124d9-d5f5-4ffc-9581-2d8ba7d927b5
Q11977215,7b9a65ac-1805-4467-9932-6d88446449f6
Q6501865,7bb4b01b-5920-48b7-ab52-ac5666862681
Q6308082,7bf9ef66-ba4d-4121-8eca-2113f8c00331
Q6214861,7c3b1226-5b5a-49a3-86b0-8ea9bb340e45
Q6513706,7ce532cf-6d2e-4a6f-8aeb-42a3fed7c943
Q4570646,7d2ddf68-8694-41b0-b1b8-82190178be89
Q7035895,7da0bc3a-d014-4b50-bb28-6ba7539048e7
Q6980426,7dbd74fa-2d1a-4768-af85-4647022cc445
Q7085895,7e1dc2cd-f210-424b-add8-00c877ff28b7
Q13653532,7e6775af-c708-4344-b07c-97e795952b6d
Q4811421,7f41419f-bd01-472b-b15f-3d1a69f1ef8b
Q6032006,7f81141b-bc3f-45d1-9b21-88fb04d71a64
Q6179764,7fc82515-1fcb-436c-a531-438e2b311ad4
Q3420374,80162fbf-7fe9-4cb2-b2c9-71e18bdde44b
Q7310020,806c646d-16cd-4de7-99be-e72a105879ea
Q4586130,807a217c-8f12-4124-81cd-35bcedae66e4
Q1772847,80d4f8cf-0e1b-4a02-ae7e-9f017d6c2ee1
Q5643760,813bc827-d4e0-4f97-9a7c-6c7d2a61bf66
Q4566359,817c4bec-aea3-489f-901a-7144ec00122c
Q5053591,81848177-3a3b-4d81-9f55-cc1ad0b2e5c2
Q12005537,81c5ac53-0b46-44f5-bbfc-3f15e1c9fd78
Q11977698,81db149c-5132-4396-9e33-7a9aa41894f6
Q4919817,81e70be6-8d82-4b0e-abf2-51bfaf933b24
Q6214955,8229887e-1ea9-42e7-a559-106bfa0da125
Q11959584,822b5719-cc85-4a0f-94e8-5a762ba1c6be
Q6215409,82ce27f1-1383-43c6-aedd-6fd71044b364
Q706467,82f0b64a-b45c-4171-af4a-b3b8dc2e4e89
Q5619018,831f3d16-ca65-40ba-8cdc-0294a311cdae
Q13579301,83652077-3467-4e42-9b8f-cf67e4abf7d5
Q4662739,838f4c23-fad8-416e-98d5-f1d55d69c8f6
Q1778325,8429c284-0942-4779-b474-baae3c2ae22b
Q1157171,8517c488-0f69-44a9-a73f-06fcc559344b
Q5653955,85381710-7f60-47c5-9b8c-b26094c1aec9
Q7825865,8542c623-735e-4af6-a3b0-21014747f11e
Q4574214,8562fa8c-243a-41c4-9c52-fd0b1079dac6
Q4585565,85753d69-1edd-4bce-80c1-53f4574b96dd
Q7283192,85b24c87-793f-4dd2-a8dc-eaab5bb39dc0
Q6424011,862b664b-3dd1-4cb9-8243-ff2014c7d234
Q11979695,866b1192-dcf1-43cd-a16a-8448e12d613d
Q6438153,86d9dd8a-5950-40e6-bec9-02ce880fccbb
Q6765726,86d9e63c-ba80-44ed-9379-c0d4699c538c
Q446390,870f8174-1faf-4f8a-8507-2226efbdc2a2
Q323721,8762498d-108a-4e3e-b0ca-d469e4461a78
Q5450652,87792f35-9fa4-482d-9a57-67500fd969e4
Q4713964,878df229-0418-4525-a9fd-d0f17feadecd
Q6516073,87a71d02-20e0-45e6-82ca-e6ba7611de4b
Q7373487,87be349e-dbc6-4440-84a3-aa2ed81baec7
Q4568404,87ca8513-441d-4b3a-8d15-938a46c9ea1f
Q15113558,87db636b-760b-4e1a-a302-93be84c1b1e3
Q6765722,87fbe42f-8347-4092-9e6a-dee667a48689
Q3433134,8815c38b-b073-4ba7-b0ca-8460b5c9d509
Q5654018,8827cfb1-f102-4aff-8a7a-5e871db3ff5a
Q1773022,88aa758d-246c-4590-81b4-48439a5f0fb0
Q2044640,892f74e2-840d-4a44-b237-c50fb82f37b6
Q4919567,899f1a4f-6409-48fe-9d06-c44b86d4ace1
Q21774049,89f7c858-d4a7-4593-a626-caef63336f45
Q3433230,8a0e6c91-1169-47bf-9de0-a5ed3b4cc4b8
Q6419312,8a37b948-ba0c-4634-846a-75b1d4ef2772
Q6522398,8a3958c0-db3a-4522-8763-8f1e2a303e59
Q5415100,8aa9e645-cdba-491d-b959-3c8d9e4d55a4
Q272938,8b022c35-904f-47ab-a05d-7c86999ed37a
Q6215229,8b049b51-2d54-4378-8f28-07e2ba0e82d0
Q1777889,8ba2450d-5e88-48eb-8351-447fa8380531
Q7082875,8be16f2d-e8f8-4020-a4f5-07c3330284b3
Q6514567,8c2d795c-b587-429e-8fc5-f96bd57c1d14
Q11977282,8c540379-921d-44d2-b373-0a373edf34fb
Q3440633,8c5def96-820b-4e2a-89c5-e89d206443d9
Q15057320,8c784cc4-fb73-4cd8-8aa6-a96c052f0352
Q563243,8ceebe3b-965d-4204-9733-fc5fb3a50daa
Q4895435,8cf8aa87-1177-4fea-9448-298feeca986e
Q337295,8d83a23c-07c4-4386-a129-2b689c7b1e5c
Q210808,8dd734df-09d4-4133-a664-cbce73b43f8c
Q7511981,8e2ffe71-005a-4cfd-b8f3-a454b5c6487d
Q5450645,8f028224-5541-4f46-8b77-17b1a4637f4e
Q1343717,8f1731cb-6d5a-4315-82ce-7b443a884d2a
Q7845446,8fd53f17-cfdd-44ca-8af0-c6c170808c91
Q6514654,8fde542f-bc95-46e9-bc26-e7ca6a7b09bf
Q5653836,8ff2dba7-4fac-4be7-8add-c208e652282d
Q4945057,8ff47707-240d-48d7-bfbb-f0fd5de2d624
Q5040908,90262158-7035-4424-9d30-277759e941da
Q6731329,90347796-a5c9-41a3-86e9-7e6bed363e69
Q4572995,90432f34-d22c-4f5d-876e-6c4da3ba3c8d
Q7652052,906c08d9-cd45-435e-9329-02b2f00d2f3e
Q1773029,906e5072-ae6e-46a2-b0a1-05473f6882b8
Q4581573,9089ceec-f50f-4ca2-b045-cad77064e526
Q5981426,90bb2b15-d7ed-4cc3-b541-5abf4eeb6c03
Q7037428,91ad2508-af4c-436c-a9d7-530f6416b606
Q6514985,91b2c978-d2ed-4b96-a5fe-a1238d1eb4c3
Q7825618,91c6e0c4-0bcf-47bd-9e94-fd8b02cc476b
Q5389812,91f3c66e-3484-429a-b8fc-4d1ff82aa8da
Q7826236,92f30525-b855-4bb0-bc38-94fabb6d0d0d
Q11978069,930f6c5d-dc07-4bde-ad67-1b1755de5e92
Q6775390,9384fe92-3013-446f-93b2-9cb6307d9d28
Q11970058,93f69c86-a42f-4944-9b5f-7d643c28c35a
Q4753932,941634d4-8517-4992-9c6b-8dc0b02465df
Q4586383,94164aaa-50e8-49b8-8e52-e80905eefa30
Q11961207,947dddcc-cd74-4e8b-b9d2-a16788b6459d
Q5619541,94d6a806-fe86-4316-9689-2a58c882a335
Q355258,94f9ee59-ce9d-428f-b07e-40a0db4422ce
Q7166644,952ac468-1fb0-40f4-9501-90e6258bfc32
Q4586275,95829355-ee78-4fec-b082-55314ca81d96
Q446445,959546cf-2c82-43e3-bc02-3d58346bf81f
Q4891449,95bd3187-edca-449e-a516-05998732443e
Q5704330,95d0f29a-0d9f-4a26-a2c4-4cd1240529f6
Q1349776,95de0bf5-8844-4a0d-aa64-aecb72d058d4
Q11977297,96ac9029-a1a0-4a94-9968-e624647876b9
Q7166677,984a8576-d9d1-4541-b355-fc6e3dc0c69e
Q5515612,986fcfb0-7278-48d0-9b2a-632380ef4b62
Q7179312,989c29b2-99ae-4348-9cb8-86c1284dcbf1
Q936200,98e0fdd6-00bc-4cbb-8b09-6f0276361bba
Q7136721,993b31f1-0c53-437c-88c0-96528c836dbc
Q282077,99581f06-0a1a-4bd3-ba8c-923db25e860f
Q11977667,99a02c60-563e-49fe-8537-d553a95b8b02
Q7829467,99b0b43a-b881-489c-9fd2-23f47d54c368
Q4803705,99db9ffa-b544-47e1-8ae7-fbb429098ec9
Q7358276,9a4e5fcc-fbc1-42f2-9ce2-8c880e33328a
Q5389803,9aa5c9d0-c5dd-4f95-b5aa-89ae71bf596b
Q5698986,9aaecf5c-4c13-4a1f-a1e1-ae218b257ede
Q4586157,9ab67236-220e-4ee1-919b-2477d4c6d3a1
Q7532476,9b336046-fe6e-4649-b0e4-5799f9233234
Q6514510,9b8319aa-2970-47de-90b3-39968b268263
Q5415162,9b9a3121-4e13-4a82-9020-fb2e072f17e9
Q155448,9c16bf0f-097b-4f4e-bd69-42dd938f4e8d
Q15115946,9c2f3460-06cc-4d87-a30f-c2122407f5e6
Q6775098,9cec56e9-7abc-4604-abbe-bd4b75e6960d
Q6148666,9cf14af7-dbf5-4ea1-9eb7-cce61803a69e
Q6216913,9cf6bc66-9758-4c6b-b4a2-681ba8af3a0f
Q3434939,9d09ebdf-255a-428d-8ba4-657b29942f4b
Q7666547,9d4a5fa5-9978-4a8f-a827-b710b2ce8da1
Q5650178,9d5d285e-0607-4e8f-b43f-50231a0ff8f7
Q4753928,9d730e0d-4149-40c1-9212-0d2cd7ad46da
Q6514578,9d91390a-0207-4c45-bd43-4f2777abf1b5
Q5619002,9d9e8ed8-1f2d-4263-9064-c89f78339037
Q16760919,9dcde1a9-f0a1-488b-b3e6-5e2be96a8663
Q4819628,9e0fb2e2-c3b4-49e3-8bd9-18da374220fd
Q4585162,9e158b4b-7114-4afd-8adf-8d3a0de37550
Q543152,9e1fc043-efd8-44e1-b4bd-c2ec98c3057b
Q5619058,9e71cfc3-c029-4615-bc49-59c27c6a1ca7
Q7652276,9e91d1e3-a85f-4129-aafe-9b03f0a01510
Q11110689,9f55cca5-d69a-4c20-bd9a-178215473755
Q57665,9f9dfeee-3e75-4b82-90f5-e1e3fd4b9ce2
Q3378087,9fe48fcf-c08e-44f3-b3af-fda3f9427883
Q11972393,a000d37e-fdbd-4d5e-aa4f-92ebc77a267a
Q5364784,a029a5d8-21b7-4958-9e3e-6b1a04b4f1fd
Q7825617,a04a173b-f588-41db-b22d-baea84bac5e2
Q6654187,a12ac0ab-41b1-4a26-966d-bedc5f6bc5f0
Q6513343,a12ed191-119f-4716-86ec-f2e1f7caa738
Q1916755,a1540ee4-090b-4ede-af51-9fb30dd56aad
Q6419434,a19edec8-f709-447f-8b20-5802cc020f93
Q4581679,a1a4a8be-1d64-4529-89f8-65cfc75c7af5
Q4776012,a1d32529-f25d-473f-b8bb-23347ad78913
Q4560133,a1e12d13-dd02-4d1e-9c02-4c17485631f8
Q14372548,a1e59e68-c3e7-46ef-8a78-6f7ffa7f14cb
Q4797847,a22f1992-4be9-4b37-9bf9-22f8e4710414
Q11983341,a233c544-999c-4d4a-9ac7-931d01b1f24d
Q7559020,a24be863-1af7-4406-b892-2f8a33e6d56b
Q683650,a27243e8-2489-44a1-b979-e58fee060f83
Q7177355,a2878bd5-58a9-4b34-a7c6-c9dc6715ecae
Q4803702,a28cf96e-e754-4210-964a-df05ace95068
Q5723799,a2a31cbb-5982-4ef0-8059-8c92a9a8af10
Q15093568,a36b1a8b-8bc5-45d6-a493-f98795c2c1b1
Q7827233,a375c6b3-9eb1-4054-a9c1-3ffd4532b861
Q4975382,a3d2627d-5dba-4a52-821c-148dbdbcf5c4
Q4753819,a3fa7de1-67cc-4228-9729-bc9f64b20a94
Q7796033,a461c134-22d2-4d94-8278-16a698f2a268
Q1350863,a53432b3-2f69-482a-98f9-96b79f07de66
Q4580342,a5522a5b-0908-4505-8694-b87ab3a17fb8
Q5349868,a5552e81-62c6-4db2-878c-98f767a20a2a
Q4884838,a568afcb-6376-40d0-9180-2f589b395882
Q1776610,a5e81eb7-aeec-4124-a38e-8b3913ea6e56
Q6098421,a61a655b-8791-40d6-9b71-61a67eb860c2
Q6491629,a637459c-b97d-40ad-8da9-2d4f2902db64
Q7652288,a66b0c92-a76b-4a2c-9b52-2b7349f21db5
Q5650756,a68dd8ed-2626-4703-978d-23fc632db638
Q7825391,a6b9e69a-9156-4853-b286-b5c0256d5142
Q6514554,a6e33ba6-458a-40b6-ae89-5c7874896831
Q317659,a720e20f-46e5-4fd5-9285-15574b0f1bf9
Q3741528,a76252d5-1a32-40c0-925a-50605094b3a3
Q4591291,a76dd20d-cba1-4971-a405-1abc257adfc0
Q5349642,a782ecb9-538c-45ea-88d3-b6a7c09f3ab2
Q1773018,a7bd03f9-2cd6-4666-8915-7cb1b1edc487
Q4768975,a8086580-441b-4486-be8e-2e4577252a18
Q713156,a851053b-0c6a-4d6b-a80f-48139d733de6
Q6423917,a8a5c535-d895-4f42-9bd2-2bb59b02da7b
Q4592559,a8d0e3ba-0073-4b49-8e24-6b6caed7edc0
Q11212577,a8e979d5-ba88-4f2f-8c73-4518d38a4bc6
Q6514731,a9065292-245b-425b-8748-488b5320fc7f
Q7796064,aa00034c-c495-4bf5-b7f1-176fe501df7c
Q6514605,aa1688b8-5475-44b5-b436-dfbfa44bac79
Q7154010,aa4608f2-116a-40fb-951f-34c9014a6bbb
Q5698868,aa4f5613-ecba-4963-87e9-518b5c65008a
Q7159106,aaa6ab46-6aed-4dcb-91d9-3cf92d07c115
Q6491738,aad385be-d5db-43d1-971d-f5d53ea7bbdd
Q6514575,aaf01f8c-e894-4f80-b438-fee403bb462c
Q329776,ab033807-dc51-46f4-adf5-db94f323a46d
Q446300,ab2a6a83-ef16-49dd-bf94-88d6bd7fd8b5
Q7513272,ab443a95-a92f-4e7c-aa89-bd046ed3c0ef
Q15235179,abccd1e5-3a47-4cc0-a904-a2457ac98d9a
Q5653821,ac0bab65-3a10-4629-8ee3-d29edfaf76b5
Q7606614,ac259c66-5145-4436-acd7-0af31d926556
Q6515122,ac2ef2c6-f52d-440d-ae2a-13c725721253
Q7179285,ac4d1236-43d3-44da-8cda-5b947eb31899
Q7083185,ac771964-5572-4d03-9863-627b826a24cc
Q2291103,ace3cf85-7401-43d2-ad1c-5d9f78499057
Q6217133,ad6e78ca-c273-4b05-8a8e-51b63c89d010
Q4586233,ada42955-36b6-4448-89f0-7e697c931a67
Q4585411,adac6f4b-5f35-411c-97d4-099863017c94
Q4753933,adbfa846-0a03-47d8-b144-7f86e232da6b
Q2139911,adcb97ee-ea0a-4d49-afd3-9752a2b4748a
Q15057274,adceac96-11b4-40d4-a9b6-d8adcc754587
Q6419403,add8310e-dadf-45b6-8400-3ee00515dc51
Q4803713,ae016ec6-a82f-4418-9fae-59a52f08e1da
Q12011654,ae3ec7c6-cf6f-46fc-bd87-4e07efc0ced2
Q1354155,aee85c92-d86f-42d3-94bc-a299eef7e81d
Q7513251,aefc12be-2d78-4b30-800f-efcf4bd04686
Q6438435,af5cf4c0-8adc-4ceb-9c05-04fe5360fc3d
Q7651864,af751d4e-8e5d-4835-93a6-61e881d627c4
Q7077391,afc1d2ba-2079-408c-8daf-0ccf0fbcf629
Q7310012,b00e01d5-89f0-431c-b624-8498c825939d
Q6149044,b03438d0-2254-46d2-ad23-d2923f81f035
Q4775671,b076d202-cc02-435a-b21b-43addc58b09a
Q6419396,b0b4ad54-65f6-4ff9-9537-e9b9ed126810
Q6370385,b0e10303-11c8-4076-8c0c-b85913e2d36d
Q6491538,b176ae4f-511f-4558-8722-291769b45ca9
Q6215368,b18f52c4-c053-4f6a-a96c-1487a523628d
Q8077221,b198663f-e86e-4bb8-bb51-63a32db21f98
Q7154029,b1ab794a-7c57-4e59-a2a3-e0112e1dd636
Q7513256,b1bc42be-bcd8-4a1a-98d2-f4b4af9b8159
Q7077476,b22fe664-f42d-40b2-94c5-f7c1ccd4795f
Q709844,b23f65c7-3729-460a-84f3-d77aa58532c8
Q4586363,b2481288-5854-4aac-b417-e44c80eb463d
Q7360718,b2e5f71f-4357-48bf-8d7b-91aa6299025d
Q11993340,b3269919-29ef-4f72-b242-d56db3c92b39
Q5653719,b36b44b9-6193-4dcb-a375-2435877ba014
Q3367245,b4129f37-4b5e-4be2-95b5-e1e41e02948e
Q5040405,b41a6e01-2d6a-4378-92a8-ab4957ff19e2
Q6395414,b4334479-a747-449e-b1df-415f91976c1b
Q7652329,b43d0ac0-95fd-4131-9365-1dfc08909a27
Q1773269,b466512b-9e1d-447f-88e3-9be652cd1840
Q5450653,b4949cbd-897a-47bb-896b-f1909b069ad4
Q6513933,b4979ff7-3c0c-444b-9ebc-e19c57066e47
Q3420281,b4b8f9d3-c63a-49b0-9b2e-0e11519c3fea
Q7291706,b4c85712-7d6a-4f44-a664-70df7859a203
Q291598,b4d3c9c5-8716-4883-bf93-0e48894fb7e3
Q4567114,b54c60a0-6ae3-4e6e-adab-1cb9726a51c9
Q4587518,b5d2eceb-5559-4ffd-8902-7950e0f296bf
Q4560141,b6247676-6b89-44c0-a87b-ff5303347263
Q5389729,b701a0dd-ca9d-4f36-acef-3460938dbb96
Q981680,b71aa136-0f9b-46ae-9718-0811efd572ca
Q3376114,b78ec2a3-11da-43a9-ac65-25d0fa71a18a
Q5208509,b82ed223-0f7d-4f03-828e-6f77d0f1ef90
Q276454,b8e8e02d-327a-403b-9e7d-ad8b7ba57356
Q4585848,b8f583ec-3a31-4b0e-9d7d-b18752323649
Q386031,b93e0984-ce75-4502-b9a5-955b84ef081a
Q1305855,b94a489f-025b-400a-84dd-96b7f454f37f
Q7825705,b9b768ba-5854-4c4d-b5bf-f4606b71a296
Q15103354,b9be69e3-d21e-4db8-9ae8-4d2f77caca7e
Q323540,ba2fc1dc-88da-4a7e-936b-fddb5490848d
Q2476272,ba5990fb-c7eb-45e5-9bee-6f9d652f6f13
Q4800397,ba851b16-aabc-4e3c-b278-08813c341301
Q1772869,ba893136-79f7-47c6-9e00-fb36ffb6a0cc
Q5649843,bac9360f-6428-4e9e-80bd-88a1ac2cd980
Q11993360,baca79db-8459-41b2-aa68-3c369dcde47c
Q7825807,bb81aa3e-98ae-4f09-a185-a3c660a2e709
Q6032333,bc130c9e-d021-40a0-be6b-c9b760e46d07
Q6215389,bc272e49-64f9-466b-900d-2635ef68ae0b
Q7702466,bc2cdf68-9d76-45b5-bd72-211432f6ce47
Q6515505,bc2df352-aaa4-49fb-be4b-9b1c76289272
Q11997826,bc324c09-63d1-4a4c-ab52-dbd6faa34840
Q1481132,bc54532e-e466-402f-afaa-84ccddfa4e1a
Q6654147,bc610e30-1030-409c-b31f-45a99e40b682
Q15075007,bc830fff-b924-43fb-abc8-b18c767efc0a
Q4566912,bd1a40c8-613b-4b4f-a36e-0a343c79abd0
Q6515205,bd490c58-e8fc-4495-87ac-dab773baa865
Q4352554,bd9e2572-13c3-4321-b45e-134e6034e049
Q6760594,bdc3a009-6db7-4599-9d54-19082479a8f4
Q8077117,bde698c3-abab-44de-8b28-1eace37b703c
Q4723440,bde70d6a-c774-4031-b212-fb3143b3b5fd
Q4585857,be93db9d-4ed3-40f7-9d9e-abddf4fbbc31
Q6514450,bea6653e-d248-4960-830b-ec75417d2f37
Q492635,bef23018-bd82-43fd-9924-17d1742a6300
Q1773236,bf3d9383-0f71-4783-863e-1a29d66f4dea
Q3434947,bf5ccf10-5983-48dd-b0eb-7dbddcddc2f7
Q433456,bf7bd5f3-04b3-4fdf-b68b-f5a0d2f05cff
Q11966822,bfbbb350-24f6-42b4-ac9b-0a8789ef1dbe
Q6204529,c0cc621f-b715-45de-96a2-1cc4785b79b4
Q7109715,c10165a9-9286-4eff-8de0-84ca5566f640
Q4571375,c10cfea6-4c47-4d24-8cfc-80824c1f4b45
Q329487,c150165d-23c2-4c7d-8cdc-9380d534da23
Q7166713,c161a440-3a95-45d8-b92a-f967856ac0f2
Q4209561,c172ffdf-d9be-4bc8-ab9e-2938ba1154e8
Q207655,c17b0102-9f1f-4878-9569-63f63b616ee9
Q1554081,c1ff7157-95bf-42f3-986e-f51932256f4c
Q4585987,c23a4a57-a3a1-418b-9441-b49be45d7690
Q7652254,c29bc092-5cf5-4fc4-8d89-90abe755d473
Q7339723,c2d4b43c-1d98-4ec0-92db-1214c1776b9f
Q3434929,c3097e83-e350-4423-add4-5ef9752733ce
Q8077119,c31862cc-bfdd-4caa-96be-c67a4c3e30b1
Q1771617,c327631f-c46b-484c-8e5e-903ea304453a
Q6179752,c32d8d62-3b5c-4c57-89ae-2069e2da50db
Q11978939,c33b6d7e-2b3d-46c6-b41b-133f2db2642e
Q548491,c371a397-4e21-4af3-afe0-8eb0c7abdc7c
Q5620059,c3f1f139-5718-4818-a662-ed88f780239c
Q5349644,c41e5edd-c072-427f-a72e-cb52157ed037
Q443370,c423fdfd-6698-4d74-b966-e19f73d1a690
Q11959265,c4b138bc-df27-438f-9126-668dea5245c4
Q326587,c4d2e9ef-054d-4ace-8ce8-7360dd7f23f8
Q7796180,c5338e59-79a5-46a8-aef3-89aed59fc721
Q1776675,c5598b53-2b81-49ad-ae1a-ee3e3ce8d7f1
Q1351719,c584d796-f863-4578-9ddf-d5ca68f0fe35
Q7825393,c5c69f5a-afac-4911-a99a-fecf3c212cfa
Q262626,c5e70e14-d06a-490c-ace9-b22c1780a889
Q462556,c631ac56-9637-4d1a-93b0-0e55d5097eda
Q4586765,c651d2df-15ec-4440-bd03-c52c0bc6fdda
Q8077233,c66e1a9e-6f12-4799-bbee-944bc5608a78
Q11229501,c67fa651-e58c-4bd1-a6d9-ff6b9d1c1fc1
Q7077446,c6a7de48-c820-4619-9970-50edcf655f94
Q16760831,c715d468-6b70-4704-8d34-f8f952846ec9
Q6371943,c7638bd3-739b-4780-bd6a-40ea61a6aadc
Q1350827,c7880253-6a08-4fd2-b00a-4a3b0ac9ec91
Q5668264,c7a1c357-9a00-4c7c-bd36-3dc8fde7a4c6
Q6032011,c7b863c7-bb12-4c59-9710-85d9d20d01e2
Q5963469,c7f53cef-b4b4-4024-ab46-3d99cdf209ff
Q5530166,c8162584-ee09-4971-aa26-86596c4c047f
Q4661583,c8729426-494e-4fc5-9723-84aa14391bce
Q11235163,c874d696-7287-4c2b-b65f-780147f03505
Q156517,c8a7f400-167a-4f55-88b3-0a6afb8e22c0
Q7800854,c97b061a-3981-43e7-8a2c-48674550e182
Q7151460,c99337c6-d56b-45ab-b8bd-1456f306581e
Q4586568,c9993830-7561-484f-9674-d2c49f254206
Q7360771,c9b7b873-5040-495e-8042-e201dd5f8031
Q4585968,c9c7548a-577e-4134-a242-56fafd4a1429
Q12000617,c9e09936-2e1e-4c2d-8df5-3bb718660862
Q4586210,c9e8ba36-e1a2-463f-8037-95d082371af2
Q4768071,c9f1d350-bdfd-4973-a2f4-aff13e9b64a0
Q273317,ca5ce6f1-09fd-4de8-bc69-1caf8bccc81a
Q5618918,ca72fabc-1b97-465f-a94f-e2c772f394de
Q6514988,ca784433-21b1-4bf7-a237-8a98a4fd04a3
Q3357149,ca9cbca7-10ad-4741-ae04-6b1a0fedcaea
Q7862372,cace5663-aadb-4272-9f67-19be7e633a25
Q4723523,cbf1943e-5e27-43cc-8c51-4faf9a7c3776
Q4586352,cbfd1af6-f63d-407f-a71e-5239e72ed5ad
Q5619532,cc0f629d-f904-4950-b0e3-8dda11dce341
Q6423989,cc815297-b8ce-468e-a99a-206fd9084433
Q7310006,cc95444b-159c-4f64-b484-fa4c2614ed66
Q7283206,cca42a92-cce7-498d-80cf-2a8a7ecddb5f
Q433557,ccaf3ac0-6e26-487d-800a-09449d7f53c4
Q15061970,ccea43e3-07c1-4b5f-8deb-739969c56dc2
Q1367573,cd532d3a-f017-45f4-bd21-e34ce15d8e69
Q7077546,cd8186e7-62ac-4d17-8d98-d386adaeb076
Q11995138,cd99a72c-8df7-4136-baf5-907c9c97394d
Q1771881,cdd45182-2019-4245-b13b-a60574f92250
Q6453642,ce02b019-4546-4d2d-a92c-a40648277c6a
Q5614547,ce4ee0fa-1b57-4784-8620-d3177c45200e
Q1772865,ce5c8cd5-d54e-4164-a52c-070224a1dd7f
Q4994666,ce697d14-3b5e-42da-b506-358dee520895
Q6515070,ce85e77b-46bc-489c-bbaa-86f746c55484
Q195911,cea52287-97de-49f3-9b85-29e01e6c3d94
Q1771743,cead515b-2eb2-47e5-b361-d95c205b969c
Q3377631,cec39fbd-b7db-4ffb-8385-88d756d1eb0a
Q1777547,ced0c812-0cc9-491d-b534-9af33f55559b
Q3356717,ced571c1-9bc2-4627-9786-3eecbbefa158
Q6453610,cf3aa57f-e42e-4028-8fce-bc5f22a5ef11
Q1783942,cf3e69c8-39fc-4ef3-ad50-10a6deb17c4d
Q5040306,cf474519-83ea-4ad2-8fc2-a6029731c248
Q7652274,cfac4c81-ee59-4341-aaa9-08f9d1bcc040
Q5004945,cfced308-013c-41da-96ce-71af6df32ba7
Q1019331,d0338df4-6119-4348-8ec8-e2125be3c60f
Q5619124,d076c6e9-dd3e-4e3c-a355-d83f201fc355
Q1770712,d0f80943-30ce-41e3-bb0a-9ef4221e14d7
Q4584711,d0fbc0e4-63c4-4283-a26d-048c9684d52e
Q4971543,d151c478-538c-420f-80c6-274a30f584ad
Q291644,d1c23458-568a-455d-8309-0186a72b07f4
Q5398825,d2082152-a5fd-43f5-8c86-c5d2259f3ba5
Q6437870,d26193ed-2144-436c-aac1-b37ec3999420
Q7901229,d27371ce-cc21-4c4b-b8c7-ccb825d9f24b
Q3121951,d2996901-6ad4-4116-b13a-440d0cf25845
Q3738543,d29e8e11-93e6-4257-9337-e209e67aff63
Q1770895,d2a6a372-4efe-4045-ac58-684ebcc0d9d1
Q6217051,d2bd38e9-a63c-4b8a-b338-64ca69669bab
Q1400368,d2d28c09-9646-4a47-8ed6-ad69840572a5
Q4570826,d2fc41fa-fe65-4ac9-b53a-7bb3df2eb96c
Q446337,d3227457-d051-4db4-a9d2-5e3f6e18c68f
Q7796067,d339466e-037b-4093-9aba-24041ab48a44
Q1781916,d3497b59-b30a-4a6b-bdb3-dbb64038f78c
Q7166781,d358995d-eabe-4e7c-99e6-4f2fb2421db9
Q6419365,d3844051-79a0-4e69-9dc0-530004e460dd
Q6419346,d3ec1d13-a875-44fd-b216-e7a7b41e4cc6
Q5669473,d414f9e3-b1db-4a14-ba7e-309b707dd39c
Q14371535,d44b90e4-14ec-4c65-a00f-6b0b3ecf4f5f
Q4761757,d46e1010-6113-490e-b3b6-af1aed772662
Q5716338,d48bf3ad-097e-48b3-bdce-7cc29427e1e4
Q5349681,d4ff9024-f1a5-488f-8d5e-08c05c4fe0e5
Q4759949,d5381b27-2027-4802-80dc-9526ccee3743
Q6491699,d5396518-7b35-44fe-a409-7798a845e6d8
Q7082900,d57b0712-2c14-4a52-841e-4c0e85330f56
Q4760015,d5cc0c38-9e3b-44de-8ecc-6ccc6801872f
Q5129504,d5dde486-4e75-4e66-bc19-52b2b4e6fc09
Q11994380,d6121ba4-41d7-4593-845f-41042fa8371b
Q6419426,d64c1749-08f8-42af-afa1-20f5cda27ad9
Q463758,d654f8c8-7808-4cb4-958a-c89aebd3282f
Q4919543,d6560185-6b77-40c6-9f8b-6dc806bdb099
Q6098397,d66c82b9-877b-4eb5-874a-a1bdfd913435
Q7360737,d671b0ec-61f6-4cbf-97d6-b6e74b849c6f
Q1777521,d6822c9c-c8c8-4c57-a317-174306a9b952
Q4568928,d6939ccd-c0f6-48d9-9760-a571e5317907
Q1770173,d6cf4715-8b4a-4499-80db-5b0214516f01
Q4574366,d744bc18-00a5-4a27-bd4d-ba02a1370bd1
Q2107244,d7e5ac84-b0df-431f-805b-0154ace15f98
Q6977093,d83d258b-c0f5-414d-bfa2-036843f22486
Q3432178,d88595dc-60cb-4f6e-a335-f44820dd9904
Q4794675,d8ceae37-ac66-431a-8880-5dde15fe2d3e
Q11989881,d8d7977b-b5c8-4b17-8f78-8b47681d9df2
Q7283207,d8f123f0-b956-4c46-b106-e87e575bb4b7
Q5641305,d914326b-051b-44db-b518-b23b17626220
Q7166761,d93f60d0-0589-4ec2-81eb-2ecc15ca7d86
Q11110529,d958dcd2-4e91-418b-9d01-f7d5340d9b25
Q4794572,d9bd4858-274b-43cf-8bc0-c399f41a12f0
Q5361543,da7dfedf-2de2-45ae-8334-b044183faa22
Q4280796,da81bfa5-d609-4f84-9884-e76f3712f38b
Q4586113,daca1341-82ba-4944-b27c-0c1aed8f20ef
Q6519406,db2f6de3-5268-4cea-aa8f-4a28fa2929bc
Q6033510,db3d0338-33a8-410e-86d3-734ed7f3f28e
Q446695,db40d36c-409a-4d05-892a-947f13de102f
Q1770438,db6fb98a-a319-4edf-ad26-c93111112aa3
Q4571061,dbaf1bb7-8ebe-4abb-b36d-71be225a7c88
Q3743445,dbe4f1c0-34ac-482b-990f-df186cbbda67
Q6520465,dc04a6f9-30bf-4b73-b866-6567ca08d82d
Q317412,dc446ca7-56d9-4dc1-ac32-6a6be178df25
Q463689,dc5c539e-5aac-4de7-b24c-7bb95f1f14cf
Q6033416,dc7312da-4d47-4c25-8148-b5f4ed7bf0a5
Q3433242,dcb94110-2b8e-4b8c-90f0-87755401896e
Q7663940,dcf0edd6-ef6f-49c7-8552-632a408439c7
Q6343492,dd7e178c-f7b4-4663-8c3e-04f757dc9f3e
Q1770992,dd8a7892-2a84-45cd-8b7f-3b293488f3e2
Q7159092,ddc1ada3-4c1a-4a96-a1b4-862551aef1a8
Q8079322,de10c3ed-fd51-4384-9e44-7aad3a2e7cbf
Q6514199,de9e5e2f-1fd6-4d4d-b874-59d44c6cb430
Q6832867,dea3ff7b-a4d9-45ba-b4c1-b21148d8d53b
Q5653751,ded85e0e-d15a-4e10-9403-7a5cba8e79e7
Q6033491,dedd8c2d-1d95-41b1-866b-b37bfa388a62
Q7827240,df27db9c-1287-4d00-9049-9824daddc181
Q5650588,df632eaa-d230-4ee0-ac5c-a4f4fe643477
Q6370439,df84a281-2b81-45a4-90c5-337da8edde1d
Q6731316,dfd00aa9-52e3-4d0c-866e-b081ddf3c2b7
Q7652308,e02d67f6-e636-439a-a317-089dd6c3db87
Q4587854,e081756d-4c5d-4f69-9427-a14e233b774b
Q4567124,e0bae194-7fbd-4bb3-a777-8bf6ad55f74f
Q5618912,e0e3b1aa-c7cb-4ffc-87bd-e8f3f8aa3309
Q3356395,e0f16397-f5ef-44b3-ac40-4d5d16ba8c40
Q2308222,e11b1786-ed3c-410a-bd49-d690b8264c5d
Q3787483,e12694d8-e657-4b37-b4f9-87d93057ef5b
Q5341370,e1ad5864-83f8-4842-a92c-40ce21e7d4e6
Q5649745,e1b570fc-d709-435c-adff-b237a1729802
Q1788790,e1c8ccf2-85dd-4c7d-92c2-65e37a9cff9b
Q11966762,e20132d9-c2ee-4952-a58f-941cfda7c680
Q5208402,e216dce0-b964-48a4-bc67-a66038a4343f
Q5650781,e2258fb0-1201-45af-828c-ac4521c32923
Q3356825,e24eb585-2a33-415e-abee-ba7e92e9386d
Q6370820,e268148e-1be5-4ce2-99d6-3662756fccb8
Q5670075,e28a012f-b812-4333-82d6-38f47f08d51d
Q4585933,e290f0ac-9b40-4924-80fd-eb55f87abace
Q8077217,e2cb7c06-fdeb-4298-8259-ca5ea09d8335
Q15072255,e320b521-9a84-4a2b-832a-4ee48e3b4678
Q6513865,e344acff-82a8-416b-89cf-55a764d04039
Q5742106,e3dfb384-ec16-4d9a-bb0c-5fce588cac0b
Q7109112,e3ec20bb-ca8c-4067-b14d-0205e14742a4
Q11974058,e41ed3be-c130-4023-bf29-4794196985a0
Q7166630,e442649e-6840-40e3-b742-e05b55cd21f9
Q6032347,e4567a15-1c6c-42c7-97f6-29f57899f268
Q5535730,e48a2e8f-10e6-45d9-ab4c-9f4d174960c0
Q317405,e4efb50f-0ab0-4a21-84af-a4b8f1b6a54e
Q5607755,e50df7e1-0d92-4c34-a926-264e6587a904
Q11988546,e51698b6-1500-4e26-8024-6482fb339229
Q5349649,e57b2f9e-135c-402b-b4f2-89c974ded21b
Q3434791,e5a3f421-c0a7-4224-a37a-6cad8e9302fd
Q7292032,e5aaf829-fa95-48e2-a4d4-374cf40578b0
Q6519371,e5fb80fe-f062-4f18-845e-78c1b1b00bdf
Q4919518,e601a7fa-ee0f-4b53-8ab3-58712a771470
Q1770953,e66109e1-ccbb-4730-a209-50cdd265a1cd
Q4775728,e739a4fa-453f-4409-8ba0-23cf780bde87
Q7829474,e73bd59d-cd12-4100-8e2c-0978febc4c31
Q217556,e762c209-b8f7-48be-83db-cc16b1253274
Q6515087,e781a60a-e0f3-4839-a317-df81ad2b8616
Q15613897,e7eec07a-251d-460f-ae44-9a1279aff8cf
Q1781188,e80f7dc9-d06e-414d-a084-b430b37cd01e
Q1350164,e818bbd8-db23-4e68-ad01-809226cf6a84
Q6732130,e86152a7-3c69-4a70-a439-5970deeb8a92
Q4572925,e87a329c-4e84-47bb-98d9-224e35a6b941
Q5367440,e87c4640-68ec-4f21-8f6a-9eed34ea5d54
Q156550,e8d65b57-be65-4978-bd63-fd94a3050f6e
Q1773035,e92c4a6b-8a10-48cd-a4af-c7cc12afee87
Q11974129,e9457ebb-a60b-4e9d-b485-7d77d79c9e2b
Q5341360,e9509f22-f098-4366-be16-dded135250c5
Q7379814,ea14a406-7108-4b15-9b08-67afd86decd9
Q5113280,ea50cc53-2b3e-4a90-9dd1-ad9fb25c45d9
Q6438330,ea74ae04-ddad-4205-81c4-8c8980be964b
Q82301,ea7a58f4-b06f-43a5-accd-1da9eb6b53ae
Q4560207,ea8dd859-9d9c-485e-8e68-8fbf188f0d7f
Q5535644,eaa9eb83-ba51-4a50-b890-11084e24182a
Q6214882,eaaa0fef-d2b9-4bdf-a4c3-c650a43cd474
Q4919524,eabd1b8b-1bbb-4f0c-9bb8-6bb5fd4e89a4
Q6779391,ead333a5-c6d9-47bc-899f-e128ad4cf7d3
Q11971880,eaf33da8-ce44-4056-bec7-142c87ca9e00
Q5716563,eafd70b4-8587-4dbf-9246-055166e0c808
Q5618993,eb4ca30f-f2cf-466a-bbc7-4731aa8a09c8
Q6491404,eb615630-9856-4664-b15e-22e5cb3eeae3
Q7106950,ebe2d450-9e85-486b-9031-8925ded15c77
Q1771757,ec0d2432-59b6-48ac-bdff-838aff37f4f8
Q7781578,ec402126-2928-45fd-adf3-6c79e3150329
Q4589982,ec4bf977-be8c-4f4f-8a67-f31cbad7bfa2
Q5550451,ec9b62c1-b579-4862-b261-23bc758d6ff6
Q7077405,ecc2114f-8530-4d51-9010-854010503375
Q11961959,ed00e4bf-f2f0-4eab-893c-b33b7547634e
Q1798291,ed17a6e9-99cd-421a-a313-31a1e63103ac
Q11977234,edebcfa2-997e-4f4a-8bb9-6523bb839b52
Q7652316,ee0eb8b7-7de2-4108-a1db-48a52e37c2af
Q7159083,ee4502f8-c0a6-48db-9519-e52c7a66cd28
Q5129519,ee4af90e-978d-422a-ae26-e616ef3b27d7
Q6491435,ee687223-4ad3-4a4f-a20e-8be988e654ea
Q7283128,ee76e0ed-93eb-4fcf-b824-167bb154d64a
Q3422596,ee94457b-a888-4592-a57e-95f5ca6cd625
Q6419358,eec540c4-aa01-475d-97de-c8023fabd288
Q7652319,ef01adcc-8757-462e-9a1d-f212be647d81
Q5761540,ef62c813-fdfa-4dc9-b08c-5401abcea13f
Q1772903,ef9e5bb7-31fc-4c31-b5b0-66557bce2972
Q322184,efc201e3-3d18-4d57-9851-4b9138dc79ac
Q6033575,f013e458-955e-46b3-9421-101b718c2d6e
Q663652,f01a82aa-feb1-4209-ae74-985443f1d9d4
Q7310049,f084f19e-d6d2-4226-896f-906b16bc1b44
Q7663943,f0b5b5bc-4c9f-49ab-ab70-fa2204f82ec9
Q1367511,f0dd412f-c66f-4474-a63c-a2b6e65a6774
Q1771642,f158ce36-9975-444d-9442-332bde42f620
Q15109978,f15ce13f-7d3b-4ded-b7cd-034c3373d33c
Q4919504,f2039357-3f86-4a81-b50d-07dc93d11bbc
Q329352,f2214f68-7b12-49dd-a61f-b0e752cf8420
Q16760921,f22af846-a9de-4760-bc82-8d3dd1be412e
Q4585376,f275ca2d-47f3-426d-8d34-5c0ca943e549
Q6516101,f2d6a3ee-82c6-4867-a73c-e41055159808
Q5983558,f35f6cb3-441a-444e-853c-ae1ac3264519
Q4993409,f3866abd-203b-47ba-97d9-5c401b3b29e4
Q6516001,f3ec563e-0d38-41db-96c8-68e6dd362b69
Q3432019,f3f5cea0-fee0-4244-8318-f9cda86bb36f
Q3434871,f451258c-b2bc-4c83-a5d1-35998289fee1
Q4580769,f48b2c19-d78c-452a-b02b-59da0c78f445
Q16090513,f4c4f8b9-eff7-4185-9bc3-561ba8deed34
Q3436691,f4cfe3b1-1018-4e61-9c89-f87203fd3227
Q6515073,f4ec6bcf-c954-43a3-8219-8a22f3412cb4
Q5450646,f4f8dd23-6f97-4131-8b87-5860e4f0dd61
Q7159109,f5579502-061b-4045-b0b6-3c395b61e570
Q5619084,f57f66e8-f6c1-4d9f-9a56-d9607cbb07f7
Q1772899,f5c2c9a4-7af2-4b1c-a755-72ae0738c33b
Q4560750,f61a9f22-a1cf-49a0-a109-dc2a422111eb
Q5349679,f67c36d3-ea79-4d10-bc83-3904205bc549
Q6438436,f6ca31d7-5d7f-42ac-90c7-a7c111f6f4db
Q6513908,f6e49c34-61ef-47cc-8de9-c03a2e9b0fb9
Q156553,f739521e-1572-4d50-8adc-ef467d66b850
Q7077434,f74af33e-8494-4611-9f5d-0823ce0ef04e
Q6519395,f760cc89-ae9c-495d-9092-ded9a6f717c8
Q7336607,f7876fa9-b7f5-4047-9787-44a0fe057219
Q11961367,f78e57df-7c89-4ae3-917c-873d61066a60
Q5636492,f7a3651d-8653-4af6-b831-ba9a438b0a63
Q4794600,f7cd1a87-d584-4183-b7c6-66624907be00
Q6981465,f808e850-6891-4a8e-a7aa-655762fd67f5
Q6215384,f8294fc8-9e57-4186-9049-4088b19fbfb9
Q16015812,f8839f66-e333-4325-9af2-0b41c122b53b
Q5110091,f888532a-3b03-42e4-87a2-c7d18029233c
Q6514535,f8923770-afaa-4324-a486-776c43040e58
Q562364,f8da2671-ade7-4023-9fd8-73fec467faee
Q5636501,f928a912-6104-4f21-a015-60233a069364
Q7299108,f9f7c389-a459-46e7-bcd5-eb782e6e3166
Q6515779,fa0c0542-574b-435b-abff-6dad773cd1cf
Q5360266,fa5e096f-c4a1-4b9c-bd3e-83a0d82b8361
Q5349702,fa6a9dcb-e31b-43ec-9c59-5a66278bea5f
Q6491752,fb04b58f-6d43-4b00-90a6-ad23146d4cf4
Q4948769,fb777fb5-2491-45da-88f6-ca86f52006ed
Q7796171,fb986793-e4ad-41c6-bc63-9523114a8a95
Q463724,fb9bcb8a-348d-45db-abc1-1fefbb6914f4
Q11983356,fbd7dd71-1cda-4732-b60d-43f51bbee978
Q16760848,fc1026b1-f830-4eb5-bf4b-2ddbc4546d9f
Q6419476,fc81b541-2840-4e38-a84c-ba358388b39f
Q3432190,fd1db2ae-10da-4a36-943f-08deef4dd65c
Q4723562,fde70787-7f69-43f4-85ee-2b2ac6e0b08b
Q1157167,fe044985-8df3-407c-8125-8eb98b21aee5
Q15230308,fecc94b8-dcc2-442e-9405-b319d46c35b0
Q1350399,ff10bc5a-4aad-4895-b886-fb88e598ed57
Q6437895,ff2982a4-8a74-426c-a78b-6f6485956757
Q4579035,ff69473c-8742-45f7-bd79-921b09cfb19f
Q6473886,ffb4788a-f0d6-4113-b294-9d13908d4ee0
Q1772873,ffd951b4-a928-456b-b8de-fd6e5dc8fafa
Q6279004,ffdf79d3-7c4b-479b-94c7-89163e9de047
Q4586514,ffe1487d-0620-43ad-86f1-59e8ca83c81c
Q274637,fff9d999-409b-433c-9654-a53fb8aa9795
Q236621,ffff7bb9-69a3-47ab-9aec-5d8a67b81a94
