id,uuid
Q3124001,47df84b6-b623-4bff-a5bd-6c51126b52bc
Q2851582,6f2eec8a-7a26-4575-b022-88eca99c8280
Q3501568,968c43a1-afa4-4925-b8da-e9397c0cae75